0
1
2
3
4
5
6
7
8
9
10
11
11
13
14
15
16
17
18
19
20
21
22
23
23
25
26
27
28
28
30
30
32
9
13
35
36
37
38
39
40
41
26
43
44
45
46
40
37
10
50
51
52
23
54
55
56
57
58
59
60
61
62
63
64
18
66
67
677
69
70
71
71
73
74
75
70
77
78
79
80
81
82
83
66
85
35
87
88
89
89
89
92
46
94
95
96
20
98
99
98
101
102
103
102
105
103
107
108
109
110
111
111
113
50
115
116
117
23
119
119
121
122
123
124
125
126
127
128
129
129
131
64
133
125
135
82
137
105
139
44
119
142
123
83
128
78
147
148
113
85
5
152
28
154
154
135
137
99
159
129
161
82
163
164
137
44
167
167
169
27
17
172
173
174
124
176
164
87
92
180
181
63
63
63
57
4
187
188
189
187
69
169
193
193
87
196
14
198
199
200
201
21
203
77
163
206
174
208
206
210
210
152
115
108
6
74
217
218
206
200
221
222
2
224
94
96
103
98
116
148
231
232
233
234
51
109
196
210
180
240
206
206
233
128
62
246
51
248
121
147
251
252
148
21
255
256
181
71
116
260
261
261
7
41
188
266
3
268
269
61
271
266
273
117
94
276
277
278
279
280
281
58
283
284
283
286
69
52
289
62
291
187
293
45
75
173
279
373
83
16
60
135
101
269
305
306
92
70
309
677
208
137
54
163
67
199
154
159
154
50
50
280
77
139
75
326
123
328
159
330
331
332
142
81
105
233
256
331
276
340
224
342
81
344
126
56
328
122
349
350
289
38
59
208
355
1
326
358
222
167
36
340
281
139
74
99
174
88
102
161
248
196
373
102
131
273
255
88
117
198
21
330
349
373
19
44
67
20
2
201
8
392
78
276
222
396
261
291
22
206
330
340
271
23
405
131
279
122
261
410
411
411
411
411
415
411
411
411
410
420
421
422
423
424
425
426
427
428
429
430
431
432
433
434
435
435
437
433
439
440
441
442
443
54
445
446
435
428
449
446
451
411
411
454
455
422
457
458
459
460
461
462
463
437
465
466
463
411
469
462
471
472
473
474
475
476
466
431
479
480
411
482
483
483
485
486
487
487
489
490
410
461
493
494
495
496
497
498
421
500
501
497
503
1874
505
506
507
507
509
510
511
469
513
514
474
516
516
482
434
520
521
522
496
524
525
526
527
528
529
424
531
532
533
432
535
536
449
426
539
535
541
454
543
544
545
546
547
548
531
550
551
552
424
424
511
556
411
545
513
560
561
562
563
562
561
566
567
425
569
570
571
572
427
574
575
576
539
411
579
580
579
579
525
584
585
571
524
410
585
590
591
509
591
572
585
585
597
430
599
411
601
570
411
597
567
606
597
566
566
610
500
612
613
531
514
514
521
457
526
620
621
622
471
624
625
620
627
628
411
411
631
632
510
521
591
189
420
638
639
631
641
443
514
524
524
415
647
411
550
650
624
411
632
560
655
650
647
459
572
660
661
545
536
664
665
455
432
655
501
670
671
672
638
660
54
676
677
569
572
529
676
455
683
683
548
451
465
476
531
690
691
440
498
495
503
561
697
479
521
700
486
442
514
441
411
706
546
543
647
562
494
489
490
714
671
475
717
718
500
720
489
532
544
458
472
411
579
473
494
730
532
732
733
730
423
733
445
431
551
627
551
621
420
591
745
745
747
748
749
750
751
752
752
752
755
756
755
751
759
760
760
762
763
764
764
766
767
768
769
770
771
772
767
774
775
776
783
778
779
780
781
782
783
759
785
786
756
783
775
755
770
792
793
794
795
796
763
714
622
764
745
802
803
794
780
780
780
574
809
809
811
812
813
796
815
766
815
751
819
813
821
769
802
802
783
755
802
828
829
769
831
832
772
781
781
836
837
766
828
780
841
842
843
843
831
785
847
841
766
803
851
774
774
847
855
856
766
783
859
760
811
862
843
768
767
812
764
836
856
870
780
778
873
821
875
876
877
878
879
880
881
882
883
884
880
886
887
883
889
890
891
892
893
894
895
895
897
891
899
900
901
891
890
891
878
901
876
899
909
910
911
877
877
890
915
915
876
915
919
920
891
901
890
878
891
926
878
890
890
930
931
890
919
884
935
936
935
938
883
887
941
942
919
881
881
886
947
521
521
950
889
878
953
895
895
956
930
884
521
960
961
962
963
875
965
965
967
968
969
970
971
909
973
879
975
891
961
875
979
980
544
968
919
895
895
986
890
876
878
919
919
956
891
890
878
980
942
894
980
1000
1000
889
986
1004
1005
897
1007
1008
1009
910
1011
971
1013
1014
1014
1011
1017
1018
1013
1020
979
1022
1022
1022
1022
1026
1027
1028
1029
1030
882
919
973
920
882
947
1037
938
1018
967
970
1042
1042
1044
1045
1045
1026
1027
1020
1029
901
962
876
892
936
1008
1007
1005
926
1028
919
919
942
956
1044
901
891
1068
878
880
901
980
919
1074
901
895
895
890
887
895
1068
941
941
897
1037
891
878
890
1089
1090
1091
1092
1093
1093
1093
1096
1092
1098
1099
1100
1101
1102
1103
1104
1105
1106
1106
1108
1109
1110
1111
1112
1113
1099
1115
1116
1117
1118
1117
1120
1121
1122
1123
1124
1125
1125
1127
1128
1129
1130
1131
1132
1133
1134
1134
1136
1137
1138
1139
1140
1141
1142
1143
1144
1145
1145
1147
1148
1149
1150
1149
1150
1153
1147
1093
1156
1157
1158
1141
1160
1161
1162
1162
1149
1165
1149
1165
1109
1169
1157
1171
1171
1131
1174
1130
1176
1145
1174
1179
1180
1180
1182
1182
1184
792
1433
792
1129
1090
1092
1191
1192
1124
1194
1195
1196
1133
1198
1199
1200
1101
1202
1192
1204
792
1138
1207
1208
1161
1108
1211
1149
1213
1214
1101
1216
1217
1218
1219
1220
1221
1217
599
1224
1225
1226
1227
1228
1229
1230
1231
1232
541
1137
1235
1227
1102
1238
1239
1240
1241
1242
1243
1238
1238
1091
1247
1247
1249
1250
1251
1252
1138
1225
1220
1143
1089
1258
1259
1260
1261
1262
1263
1264
1232
1266
1105
1268
1269
1213
1271
1271
1266
1271
1271
1093
1104
1278
1165
1280
1269
1282
1282
1282
1285
1191
1176
1156
1153
1180
1156
1292
1293
1293
1158
1296
1149
1109
1299
1300
1301
1091
1099
1304
1226
1232
1307
1179
1309
1120
1235
1136
1260
1196
1228
1221
1307
1307
1296
1259
1299
1262
1250
1324
1301
1326
1216
1252
1242
1330
1169
1332
1247
1208
1106
1336
1337
1338
1217
1216
1259
792
1110
1123
1149
1096
1347
1143
1165
1147
1192
1226
1252
1354
1235
1356
1227
1228
1330
1136
1160
1224
1363
1364
1363
1364
1195
1240
1369
1240
1292
1137
1250
1374
1249
1147
1377
1378
1232
1160
1381
1433
1383
1128
1385
1218
1387
1158
1115
1116
1213
1262
1100
1134
1132
1219
1144
1280
1111
1301
1149
1100
1363
1404
1405
1406
1149
1165
1093
1165
1411
1404
1124
1414
1123
1416
1158
1411
1113
1420
1134
1230
1423
1113
1108
1426
1231
1200
1332
1354
1431
1304
1433
1098
1414
1278
1251
1438
1336
1440
1115
1161
1217
1196
1445
1446
1169
1122
1139
1293
1263
1194
1453
1454
1455
1456
1457
1458
1459
1460
1461
1462
1463
1464
1454
1466
1460
1468
1469
1470
1471
1472
1473
1474
1475
1476
1477
1478
1479
1480
1480
1474
1483
1484
1485
1486
1487
1488
1489
1490
1491
1492
1493
1493
1495
1486
1497
1477
1475
1500
1501
1475
1503
690
1466
1479
1507
1508
1508
1510
1511
1469
1513
1514
1515
1516
1503
1477
1484
1520
1521
1522
1458
1473
1525
46
1470
1528
1507
1530
1531
1532
1532
1468
1535
1535
1537
1538
1539
1540
1541
1542
1543
1544
1541
1546
1547
1514
1460
1550
1551
1552
1530
1554
1555
1541
1557
1468
1559
1560
1561
1562
1563
1555
1565
1563
1567
1568
1569
1570
1571
1528
1573
1571
1565
1576
1577
1530
1579
1577
1581
1577
89
1584
1585
429
720
1588
1589
1590
1591
1530
1581
1594
1595
1476
1589
1598
1599
102
965
1472
1579
1604
1605
1606
1546
1608
664
1591
1513
1612
1613
1472
965
1616
1617
1617
189
187
1540
1622
1516
1598
46
1626
591
1552
1629
1630
1561
1632
1633
1632
1635
1532
1632
1638
1639
1640
1641
1044
1643
1644
1645
1629
1561
1638
1626
1507
1638
1044
1653
1594
1568
493
293
1658
1461
1557
1661
1662
1017
1664
1665
1666
1667
1492
1485
1665
1487
1672
1673
1674
1462
1497
1459
1455
1679
1559
1681
1514
1683
522
1547
1686
1687
1554
1681
1690
1691
1491
1483
57
1695
1672
1463
1453
1686
1674
1478
1490
1703
1112
1471
1567
1608
1645
1555
1612
1464
690
612
1714
1715
1537
661
1540
1667
1539
1687
1489
1641
1690
1576
1538
1679
1645
1729
1606
1731
1731
1018
1581
1703
1613
1579
1691
1520
1546
1599
102
1476
1744
1500
1515
305
1514
1483
1599
1590
305
1515
1543
1515
1644
1622
1758
1473
1477
1604
1525
1758
1474
1500
1560
1594
1768
1573
1531
1457
1562
1773
1774
1775
1776
1777
1778
1483
1773
1781
1781
1783
1784
1785
1786
1787
1788
1789
1790
1791
1792
1793
1794
1795
1796
1797
1798
1799
1792
1801
1792
1803
1804
1805
1806
1807
1808
1809
1810
1811
1812
1813
1814
1815
1790
1790
1818
1483
1804
1790
1822
1823
1824
1825
1826
1827
1776
1829
1829
1831
1832
1799
1834
1542
1544
1806
1838
1839
1832
1841
1777
1789
1826
1845
1845
1847
1847
127
1850
1851
1852
1850
1852
1855
1856
1857
1858
967
1860
1856
1862
1857
1847
819
1866
1867
1851
1869
1785
1839
1872
1858
1874
1793
1876
1877
1876
1781
1805
1585
1569
1883
1831
1858
1822
1887
1768
1889
1845
1891
1815
1893
1894
1810
1876
1894
1894
1899
1784
1901
575
1850
1787
1905
1906
1855
1908
1869
1858
1911
1855
1869
1809
1857
1826
851
1797
1794
1794
851
1809
1797
851
1866
1798
1927
1906
1798
1825
1812
1905
1813
1773
1935
1695
1832
1781
1810
1807
1941
1824
1887
1944
1945
1805
1584
1695
1949
1775
1786
1562
1953
1954
1778
1956
1789
58
1893
1953
1803
1818
1544
1964
1850
1856
1801
1877
1796
1935
576
1838
1877
1974
1808
1901
1787
1978
1979
1980
1981
1982
1982
1984
1985
1985
1009
1988
1989
1569
1991
1964
1993
1994
1995
1996
1997
1998
1999
2000
2001
960
2003
2004
2005
2004
2007
2008
1814
2010
1814
430
2013
1996
2015
2016
1964
2018
1503
2020
2021
2022
2023
2024
2025
2026
610
2018
2029
2030
2031
2032
2033
2034
2035
1984
2037
2038
2026
455
2003
2042
2043
2021
2045
2007
1981
2048
2049
2026
2026
2052
2053
2054
2055
2054
2057
2057
2059
2060
2061
2062
1617
1991
2065
2066
2049
2001
2048
2023
2071
2015
2071
2023
2062
1999
1994
2001
1981
2080
2081
1993
1997
2059
2081
2048
2087
2087
2089
2090
2091
2030
2037
2035
2031
960
1979
2038
2065
2091
1503
690
2034
2104
1814
1009
1988
2025
1989
2013
2043
2112
2089
2010
1999
2052
2104
2118
2135
2045
2062
1980
1978
2042
2125
2081
1994
2055
2129
2090
2129
2071
2080
2022
2135
2008
2118
2138
2080
2033
2059
2024
911
2144
2145
2146
2147
1889
2149
2150
2151
2152
2153
2154
2155
2156
2157
2158
2159
2160
2161
2162
2163
2164
2165
2166
2167
2168
2169
2170
2171
2172
2173
2181
2147
2176
2177
2178
2179
2180
2181
2181
2183
2184
2177
2186
2147
2147
2189
2190
2178
2192
2193
2155
2189
2196
2197
2197
2155
2155
2201
2201
2203
2178
2197
2206
2155
2203
2209
2210
2211
2150
2213
2214
2247
2216
2217
2218
2219
2160
2221
2221
2037
2224
2225
2226
2227
2190
2229
2230
2154
2232
2233
2184
2235
2236
2237
2238
2239
2238
2177
2242
2243
2244
2245
2246
2247
2248
2249
2218
2251
2252
2172
2217
2233
2256
2165
2258
2248
2251
2152
2159
2157
2264
2265
2216
2163
2268
2164
2158
2271
2272
2209
2274
2248
2276
2277
2278
2249
2280
2281
2282
2283
2284
2285
2286
2152
2233
2242
2236
2172
2218
2293
2243
2227
2209
2281
2283
2299
2246
2249
2286
2303
2303
2230
2306
2307
2244
2309
2310
2311
2311
2280
2184
2256
2306
2317
2318
2146
2146
2180
2239
2190
2324
2325
2326
2327
2276
2317
2265
2219
2144
2144
2334
2282
2336
2264
2338
2338
2340
2037
2336
2343
2344
2144
2211
2347
2170
2186
2350
2166
2352
2353
2354
2285
2247
2229
2181
2242
2225
2156
2236
2286
2181
2365
2180
2277
2214
2210
2268
2213
2372
2244
2276
2293
2243
2317
2258
2334
2246
2307
2197
2284
2310
2385
2306
2307
2239
2227
2324
2271
2352
2326
2325
1608
2396
2154
2353
2293
2167
2151
2396
2226
2340
2343
2169
2168
2350
2409
2189
2171
2237
2365
2414
2224
2161
2162
2179
2414
2347
2344
2149
2272
2311
2217
2426
2247
2426
2429
2430
2430
2432
2433
2433
2435
2436
2437
2438
2432
2440
2441
2442
2443
2444
2445
2446
2440
2436
2449
2446
1584
25
119
2454
2455
2456
2456
57
2459
2460
2455
2462
2456
2456
2443
2466
2445
2468
2468
2470
2471
2432
2473
2470
2470
2476
2446
107
57
2438
16
2482
2441
2484
2445
2435
261
306
1387
2490
2491
2492
2493
2491
2449
2449
2492
2484
135
306
2501
2502
135
2504
2444
260
2507
2508
2491
2510
2511
2476
2476
2429
2466
2429
2471
2471
2473
2470
2473
2429
2502
2524
2437
2511
25
967
2524
2504
2507
2501
2442
1608
2492
2536
2468
2466
2473
2482
25
2510
2493
2544
2545
2546
2547
2548
2549
2550
2551
2552
2544
2554
2555
2556
2557
2558
2559
2550
2561
2562
2563
2564
2565
2566
2563
2568
2569
2564
2571
2572
1617
2574
2575
2576
1714
2578
2579
2580
2576
2544
2565
2556
2585
2551
2587
2274
2589
2590
2590
2546
2593
2594
2595
2596
2597
2598
2599
2600
2601
2545
2603
1891
1891
2599
2607
2608
2609
2610
2611
1899
2613
2614
2615
2616
2613
2607
2545
2585
2621
2622
2601
2621
2608
1891
2603
2628
2629
2580
2631
2594
2633
2634
2634
2564
2637
2552
2565
2574
2631
2642
2643
2547
2547
2557
2610
2557
2610
2557
1899
2652
2653
2550
1899
2656
2657
2658
2659
2660
2661
2662
2558
2656
2665
610
2599
1997
2669
2670
2585
2603
2673
2674
2675
2548
2575
2678
2678
2680
1997
1997
2683
2616
2680
2561
2678
2688
2657
2690
2691
2692
2693
2274
2678
2696
2578
2547
2547
2700
1662
1662
2621
2688
2705
2706
2601
2708
2628
2652
2711
2712
2708
2714
2715
2611
2708
2718
2669
2720
2720
2722
2637
2597
1617
2568
2569
2673
1617
2562
2731
2732
2705
2734
2661
2610
2737
2738
2738
2740
2566
2693
2595
2744
2696
2740
2747
2610
2575
2750
2751
2752
2753
2722
2744
2571
2633
2758
2759
2760
2675
2708
2705
2764
2737
2766
2767
2556
2769
2752
2549
2669
2690
2692
670
2776
2642
2714
2658
2712
2711
2782
2764
2784
2785
2758
2758
2788
2788
2711
2549
2572
2662
2794
2576
2559
2558
2798
2799
2615
2801
2545
1891
2622
2766
2767
2769
2747
2760
2715
2794
2718
2652
2814
2715
2587
2732
2692
2614
2820
2821
2751
2596
2824
2824
2820
2658
2814
2683
2731
2734
2821
2759
2753
2714
2776
2674
2589
2750
2801
2691
2593
2782
2844
2845
2846
2847
2848
2849
2848
2851
2852
2853
2854
2855
2856
2856
2858
2859
2860
2861
1009
1768
2864
2865
2866
2867
2868
2869
2870
1551
1528
2873
2874
2875
2876
2877
2878
2879
2859
2879
2876
1905
2884
2847
2886
2887
2888
425
2890
2891
1905
2893
2894
2895
2894
2897
2895
2899
2900
2901
2902
2903
2904
2905
2906
2906
2908
2908
2910
2868
2653
2913
2914
2915
2915
2917
2918
1827
2920
2897
2700
2700
2924
2925
2924
2927
2928
2929
2899
2928
2932
2932
2891
2935
2936
2937
2860
2939
2939
720
795
2943
2914
2945
2946
2945
2845
2949
2865
2875
2910
2953
2954
1664
189
2957
2958
2959
2960
2960
2962
2963
1528
1805
2966
2967
2887
2274
1827
2877
2972
2973
2973
2975
2874
2977
2960
2979
2979
2902
2982
2983
1883
911
2986
2987
2988
2989
2989
2957
2846
2886
2994
2957
911
2989
2998
110
3000
3001
3002
3003
2917
2986
580
305
2946
3009
3010
2989
1224
3013
2957
1089
3016
599
110
3019
3020
425
3010
2975
1653
3016
2932
3027
3028
3029
3030
3031
3032
2851
3034
3035
3035
3037
2903
3039
2869
2884
2846
54
795
2866
2866
2849
2962
2962
2960
2653
3052
2962
2887
2904
3032
2847
2884
2867
2966
3061
3062
2895
3009
2848
2900
2901
2445
3019
3070
2905
2890
3073
2876
3073
3073
2858
3078
2844
3080
580
2960
3083
3078
2852
3002
2855
3003
3089
3090
2977
3092
2959
2967
1941
2608
3097
3019
3000
3100
3100
3102
2598
661
2937
2953
2929
3097
1554
819
2886
3016
2844
1945
3115
2879
2878
1105
1551
3083
3121
2913
3028
3124
2853
2949
2918
3115
2935
3130
3029
3132
1105
2936
2975
1510
2372
3138
3027
3138
3027
1550
2954
3028
3124
2861
3147
2893
2870
2987
3151
2960
2960
425
2973
3062
2864
2982
2643
2849
460
2858
3121
2927
3147
2975
3138
2972
2869
3170
3171
622
3173
3173
3175
3176
3176
3178
3179
3180
3181
3182
3183
3182
3185
2975
1495
2873
3179
3181
3191
919
3193
1537
3195
3196
485
622
622
3200
3201
3202
1127
443
1217
3206
3207
911
2957
1537
1537
3212
795
919
1217
3216
3200
580
107
3196
1661
3202
3223
3223
3195
3195
3227
3228
3171
3171
3171
3171
3171
3171
3171
3171
3171
3238
3239
3202
3216
3170
574
3228
3245
3246
3247
3238
3249
2920
3171
3171
3180
3171
3200
3183
3257
3183
3238
3247
3171
3171
3171
3171
3171
3171
3178
3268
3246
3268
3195
3249
3268
717
3275
3275
3201
3191
3193
919
3228
3282
3246
3284
3171
3216
3284
3288
3282
3171
3171
3171
3171
3171
886
3296
3246
3195
1788
1788
3301
3302
3303
3301
3305
3306
3307
3308
2988
3310
1616
3307
3313
3314
3315
2609
3317
3318
1508
3320
3315
3322
3323
1374
1508
3207
3327
3328
3306
429
3308
3323
3333
3314
2988
3003
3305
3003
427
3323
837
575
3343
3344
3345
1483
1872
522
1783
837
1570
664
3317
3305
3132
3356
3357
3303
1616
1729
3320
3333
3363
3363
3365
3366
3207
3365
3322
3366
3317
3365
3328
2609
1653
3328
3377
2983
2622
2622
2060
2609
2455
3384
3344
3302
3314
3377
3345
2125
612
2468
3393
3318
3343
1653
3384
3322
1584
837
3306
3333
3393
574
3356
3310
3407
3356
3409
3407
3409
3357
3413
3414
3415
3416
3037
2309
2173
3420
3421
3422
3423
3423
3425
3426
3427
3428
3426
3430
3431
3432
3433
3434
3435
3436
3437
3438
3439
3421
3441
3433
3443
3441
3445
3446
2271
3448
665
3450
3451
3451
3453
3454
3455
3456
3457
3458
697
3460
3461
3439
3443
3464
3456
3466
3467
3468
3469
1683
3471
3472
3472
3466
3475
3476
3393
3430
3479
2154
3481
3482
1542
3484
3427
3486
159
3037
3489
3490
3491
3185
3493
3494
3486
3496
3446
3498
3499
3438
3501
1595
3503
3460
3505
3031
3505
1834
3509
1993
2061
3512
3509
3509
3515
3516
3499
3518
3503
3520
3501
3522
3523
3450
3052
3455
3527
3528
2193
1550
3531
3467
3533
3534
3535
3435
3537
3537
3539
3533
3541
3542
3543
2309
3545
3546
3528
3432
3549
3550
3551
3551
3531
3554
3468
3426
3557
3558
3559
3559
3561
3539
3498
1993
3422
3457
3434
3568
3569
3570
3571
3550
3573
3574
3454
1883
3577
3520
3471
3580
3580
3570
3583
3584
3585
1889
3587
3454
2998
3421
3591
3592
3593
3594
2998
3596
2998
3598
3571
3600
3554
3602
3416
3414
3605
3484
3515
3608
3585
3610
268
3591
3613
3614
3615
3616
1542
3618
3605
425
3430
1783
1783
3520
1569
3482
3627
3509
3629
1570
3475
3608
3633
3434
1768
2372
1570
3445
3639
3535
3592
1537
2372
2988
3645
575
1488
3512
3569
3615
590
1387
3653
571
3523
3031
3481
3598
3554
3660
3430
3475
500
3496
3542
3476
3667
3668
3669
3573
3461
3543
1695
3518
3549
3676
3667
3678
3618
3458
3546
3682
590
3052
3574
3660
3610
3527
3689
3690
3527
3523
3693
3037
3695
3639
103
3593
3699
3700
3701
3476
3703
3481
3535
3706
3559
3559
3598
3710
2145
2206
3713
2192
2192
2203
2303
2311
3695
3720
2284
2053
3420
3493
2449
1683
3414
1783
3693
3469
665
3543
3518
3734
3735
3031
3491
3700
3676
3653
3616
3614
3743
3701
3428
3746
3747
3660
3471
3587
3464
3479
3600
3585
3689
3682
3757
3758
3479
3600
3574
3583
3678
3594
1834
3593
3569
3768
3415
3734
2271
3772
3627
3627
3568
3776
3416
1872
3613
3437
3522
3482
3616
3577
3561
3545
3743
3448
3494
3768
3791
3768
3735
3794
3795
427
3797
3798
3799
3800
3801
3802
3803
3804
3804
3806
3807
3808
3808
3810
3811
3314
1813
3814
3815
3816
3816
3818
3819
3820
3820
3822
3823
3824
3825
3800
3827
3806
3798
3830
3830
3832
3794
3834
3835
3836
3837
3811
3834
3840
1813
2176
1956
3797
3010
1383
3832
3848
3814
3800
3834
3852
1383
427
3855
567
3855
3855
3835
3815
3848
3823
3822
2628
2628
3866
3866
3825
3206
3206
3824
3811
3801
3314
2176
3876
3876
3823
3866
3880
3836
3882
1585
3799
3314
3799
3876
3811
3889
3889
3206
3892
3818
3840
3895
3832
3797
3837
1945
3848
3901
3824
3880
3882
3827
3822
3840
3895
3803